RSS_bytes,available_RAM_bytes,day,objective,observational_only,peak_RSS_bytes,phase,wall_seconds
2492329984,14516035584,2025-05-10,PHASE_I,True,2492329984,NATIVE_OPTIMIZE,0.0021477999980561435
2520879104,14510624768,2025-05-10,PHASE_I,True,2520879104,NATIVE_OPTIMIZE,0.002071399998385459
2546479104,14502629376,2025-05-10,PHASE_I,True,2546479104,NATIVE_OPTIMIZE,0.514900200010743
2556198912,14517260288,2025-05-10,PHASE_I,True,2556198912,NATIVE_OPTIMIZE,1.0231488000135869
2500562944,14515093504,2025-05-10,PHASE_I,True,2500562944,NATIVE_OPTIMIZE,0.0020111000048927963
2544078848,14518501376,2025-05-10,PHASE_I,True,2544078848,NATIVE_OPTIMIZE,0.5052666999981739
2555162624,14500519936,2025-05-10,PHASE_I,True,2555162624,NATIVE_OPTIMIZE,1.01433909998741
2501414912,14555426816,2025-05-10,PHASE_I,True,2501414912,NATIVE_OPTIMIZE,0.002212999970652163
2545147904,14523580416,2025-05-10,PHASE_I,True,2545147904,NATIVE_OPTIMIZE,0.5086043999763206
2555621376,14506905600,2025-05-10,PHASE_I,True,2555621376,NATIVE_OPTIMIZE,1.0125465999590233
2501758976,14546407424,2025-05-10,PHASE_I,True,2501758976,NATIVE_OPTIMIZE,0.002085599990095943
2545033216,14530592768,2025-05-10,PHASE_I,True,2545033216,NATIVE_OPTIMIZE,0.5166623000404797
2556231680,14514417664,2025-05-10,PHASE_I,True,2556231680,NATIVE_OPTIMIZE,1.0219444000395015
2501140480,14561284096,2025-05-10,PHASE_I,True,2501140480,NATIVE_OPTIMIZE,0.0020267999498173594
2547421184,14531944448,2025-05-10,PHASE_I,True,2547421184,NATIVE_OPTIMIZE,0.5159993999986909
2557534208,14521221120,2025-05-10,PHASE_I,True,2557534208,NATIVE_OPTIMIZE,1.0192237999872304
2504163328,14596296704,2025-05-10,PHASE_I,True,2504163328,NATIVE_OPTIMIZE,0.002139699994586408
2547978240,14537326592,2025-05-10,PHASE_I,True,2547978240,NATIVE_OPTIMIZE,0.5045359000214376
2558369792,14529208320,2025-05-10,PHASE_I,True,2558369792,NATIVE_OPTIMIZE,1.0115750000113621
2505052160,14585683968,2025-05-10,PHASE_I,True,2505052160,NATIVE_OPTIMIZE,0.0019348000059835613
2548633600,14544908288,2025-05-10,PHASE_I,True,2548633600,NATIVE_OPTIMIZE,0.5172033999697305
2559066112,14534676480,2025-05-10,PHASE_I,True,2559066112,NATIVE_OPTIMIZE,1.025237699970603
2505654272,14585450496,2025-05-10,PHASE_I,True,2505654272,NATIVE_OPTIMIZE,0.0020122999558225274
2548957184,14551904256,2025-05-10,PHASE_I,True,2548957184,NATIVE_OPTIMIZE,0.510007000004407
2558763008,14541053952,2025-05-10,PHASE_I,True,2558763008,NATIVE_OPTIMIZE,1.0172017999575473
2504376320,14563713024,2025-05-10,PHASE_I,True,2504376320,NATIVE_OPTIMIZE,0.0024081000010482967
2548506624,14520852480,2025-05-10,PHASE_I,True,2548506624,NATIVE_OPTIMIZE,0.5107425000169314
2559074304,14505623552,2025-05-10,PHASE_I,True,2559074304,NATIVE_OPTIMIZE,1.0190642999950796
2504798208,14559899648,2025-05-10,PHASE_I,True,2504798208,NATIVE_OPTIMIZE,0.001973100006580353
2536865792,14520188928,2025-05-10,PHASE_I,True,2536865792,NATIVE_OPTIMIZE,0.5167038000072353
2549547008,14424731648,2025-05-10,PHASE_I,True,2549547008,NATIVE_OPTIMIZE,1.0209437999874353
2549542912,14425886720,2025-05-10,PHASE_I,True,2549547008,NATIVE_OPTIMIZE,1.5288178999908268
2559078400,14407172096,2025-05-10,PHASE_I,True,2559078400,NATIVE_OPTIMIZE,2.0377587000257336
2505797632,14401081344,2025-05-10,PHASE_I,True,2505797632,NATIVE_OPTIMIZE,0.003182400017976761
2529599488,14389731328,2025-05-10,PHASE_I,True,2529599488,NATIVE_OPTIMIZE,0.5075827999971807
2548998144,14361989120,2025-05-10,PHASE_I,True,2548998144,NATIVE_OPTIMIZE,1.0136139999958687
2549399552,14358007808,2025-05-10,PHASE_I,True,2549399552,NATIVE_OPTIMIZE,1.5218906000372954
2559832064,14321315840,2025-05-10,PHASE_I,True,2559832064,NATIVE_OPTIMIZE,2.030806399998255
2505699328,14509359104,2025-05-10,PHASE_I,True,2505699328,NATIVE_OPTIMIZE,0.0030181999900378287
2543640576,14459777024,2025-05-10,PHASE_I,True,2543640576,NATIVE_OPTIMIZE,0.5168086999910884
2549542912,14454403072,2025-05-10,PHASE_I,True,2549542912,NATIVE_OPTIMIZE,1.0227751999627799
2550235136,14458732544,2025-05-10,PHASE_I,True,2550235136,NATIVE_OPTIMIZE,1.5277729999506846
2560741376,14454497280,2025-05-10,PHASE_I,True,2560741376,NATIVE_OPTIMIZE,2.0315667999675497
2505613312,14502547456,2025-05-10,PHASE_I,True,2505613312,NATIVE_OPTIMIZE,0.0032232999801635742
2532433920,14484594688,2025-05-10,PHASE_I,True,2532433920,NATIVE_OPTIMIZE,0.5128630999824964
2550038528,14468689920,2025-05-10,PHASE_I,True,2550038528,NATIVE_OPTIMIZE,1.0190403999877162
2550038528,14480359424,2025-05-10,PHASE_I,True,2550038528,NATIVE_OPTIMIZE,1.524182299966924
2562117632,14537736192,2025-05-10,PHASE_I,True,2562117632,NATIVE_OPTIMIZE,2.0329352999688126
2526003200,14581719040,2025-05-10,PHASE_I,True,2526003200,NATIVE_OPTIMIZE,0.0031728000030852854
2547793920,14565978112,2025-05-10,PHASE_I,True,2547793920,NATIVE_OPTIMIZE,0.5054384999675676
2553143296,14571307008,2025-05-10,PHASE_I,True,2553143296,NATIVE_OPTIMIZE,1.0114453999558464
2552442880,14570115072,2025-05-10,PHASE_I,True,2553143296,NATIVE_OPTIMIZE,1.5195045999716967
2561871872,14560219136,2025-05-10,PHASE_I,True,2561871872,NATIVE_OPTIMIZE,2.0269798999652267
2531749888,14585815040,2025-05-10,PHASE_I,True,2531749888,NATIVE_OPTIMIZE,0.0031479999888688326
2548797440,14587486208,2025-05-10,PHASE_I,True,2548797440,NATIVE_OPTIMIZE,0.5090048999991268
2554490880,14584987648,2025-05-10,PHASE_I,True,2554490880,NATIVE_OPTIMIZE,1.0142313999822363
2563297280,14582444032,2025-05-10,PHASE_I,True,2563297280,NATIVE_OPTIMIZE,1.5210173999657854
2563334144,14588010496,2025-05-10,PHASE_I,True,2563334144,NATIVE_OPTIMIZE,2.0249189999885857
2530414592,14661025792,2025-05-10,PHASE_I,True,2530414592,NATIVE_OPTIMIZE,0.0033228000393137336
2548498432,14637277184,2025-05-10,PHASE_I,True,2548498432,NATIVE_OPTIMIZE,0.5186419000383466
2553376768,14655184896,2025-05-10,PHASE_I,True,2553376768,NATIVE_OPTIMIZE,1.0269011000054888
2554085376,14648565760,2025-05-10,PHASE_I,True,2554085376,NATIVE_OPTIMIZE,1.5299253000412136
2562281472,14748692480,2025-05-10,PHASE_I,True,2562281472,NATIVE_OPTIMIZE,2.03693620004924
2508234752,14808244224,2025-05-10,PHASE_I,True,2508234752,NATIVE_OPTIMIZE,0.003036600013729185
2545446912,14758350848,2025-05-10,PHASE_I,True,2545446912,NATIVE_OPTIMIZE,0.5091937999823131
2550992896,14733033472,2025-05-10,PHASE_I,True,2550992896,NATIVE_OPTIMIZE,1.014180199999828
2560811008,14725734400,2025-05-10,PHASE_I,True,2560811008,NATIVE_OPTIMIZE,1.5212939999764785
2561372160,14734815232,2025-05-10,PHASE_I,True,2561372160,NATIVE_OPTIMIZE,2.0293966999743134
2529492992,14687502336,2025-05-10,PHASE_I,True,2529492992,NATIVE_OPTIMIZE,0.003207300032954663
2548633600,14676414464,2025-05-10,PHASE_I,True,2548633600,NATIVE_OPTIMIZE,0.5181508000241593
2553352192,14674268160,2025-05-10,PHASE_I,True,2553352192,NATIVE_OPTIMIZE,1.0235839000088163
2553815040,14644977664,2025-05-10,PHASE_I,True,2553815040,NATIVE_OPTIMIZE,1.5286498999921605
2563584000,14628139008,2025-05-10,PHASE_I,True,2563584000,NATIVE_OPTIMIZE,2.035833499976434
4158758912,13046378496,2025-05-10,PHASE_I,True,4158758912,NATIVE_OPTIMIZE,0.019212699960917234
4594126848,12621795328,2025-05-10,PHASE_I,True,4594126848,NATIVE_OPTIMIZE,0.5256066999863833
4717293568,12498501632,2025-05-10,PHASE_I,True,4717293568,NATIVE_OPTIMIZE,1.033205799991265
5150928896,12060782592,2025-05-10,PHASE_I,True,5150928896,NATIVE_OPTIMIZE,1.5421140000107698
5297205248,11918581760,2025-05-10,PHASE_I,True,5297205248,NATIVE_OPTIMIZE,2.04833709995728
5372452864,11841179648,2025-05-10,PHASE_I,True,5372452864,NATIVE_OPTIMIZE,2.5570543999783695
5173174272,12039065600,2025-05-10,PHASE_I,True,5372452864,NATIVE_OPTIMIZE,3.0666732999961823
4915961856,12296445952,2025-05-10,PHASE_I,True,5372452864,NATIVE_OPTIMIZE,3.572570899967104
4664057856,12523679744,2025-05-10,PHASE_I,True,5372452864,NATIVE_OPTIMIZE,4.079708400007803
4664057856,12527013888,2025-05-10,PHASE_I,True,5372452864,NATIVE_OPTIMIZE,4.585880299971905
4853522432,12341792768,2025-05-10,PHASE_I,True,5372452864,NATIVE_OPTIMIZE,5.093761999974959
4376276992,12822523904,2025-05-10,PHASE_I,True,5372452864,NATIVE_OPTIMIZE,5.600588399975095
4537360384,12664422400,2025-05-10,PHASE_I,True,5372452864,NATIVE_OPTIMIZE,6.106510299956426
4772274176,12429234176,2025-05-10,PHASE_I,True,5372452864,NATIVE_OPTIMIZE,6.610701199970208
4837294080,12363726848,2025-05-10,PHASE_I,True,5372452864,NATIVE_OPTIMIZE,7.118484999984503
5264916480,11939598336,2025-05-10,PHASE_I,True,5372452864,NATIVE_OPTIMIZE,7.627105199964717
5293834240,11907223552,2025-05-10,PHASE_I,True,5372452864,NATIVE_OPTIMIZE,8.137127599969972
4557209600,12646252544,2025-05-10,PHASE_I,True,5372452864,NATIVE_OPTIMIZE,8.645492299983744
4758216704,12447105024,2025-05-10,PHASE_I,True,5372452864,NATIVE_OPTIMIZE,9.154220499971416
4847861760,12357939200,2025-05-10,PHASE_I,True,5372452864,NATIVE_OPTIMIZE,9.66229080001358
4750045184,12450283520,2025-05-10,PHASE_I,True,5372452864,NATIVE_OPTIMIZE,10.168278599972837
4712464384,12489023488,2025-05-10,PHASE_I,True,5372452864,NATIVE_OPTIMIZE,10.676313799980562
4954165248,12253851648,2025-05-10,PHASE_I,True,5372452864,NATIVE_OPTIMIZE,11.182436799979769
5029691392,12173029376,2025-05-10,PHASE_I,True,5372452864,NATIVE_OPTIMIZE,11.689584099978674
5075984384,12130631680,2025-05-10,PHASE_I,True,5372452864,NATIVE_OPTIMIZE,12.195519900007639
5075984384,12125880320,2025-05-10,PHASE_I,True,5372452864,NATIVE_OPTIMIZE,12.705004599993117
5078077440,12126670848,2025-05-10,PHASE_I,True,5372452864,NATIVE_OPTIMIZE,13.212024600012228
5075984384,12126261248,2025-05-10,PHASE_I,True,5372452864,NATIVE_OPTIMIZE,13.717868399980944
5078056960,12129456128,2025-05-10,PHASE_I,True,5372452864,NATIVE_OPTIMIZE,14.224739299970679
5075984384,12126117888,2025-05-10,PHASE_I,True,5372452864,NATIVE_OPTIMIZE,14.732865099969786
5078061056,12127518720,2025-05-10,PHASE_I,True,5372452864,NATIVE_OPTIMIZE,15.239919499959797
5075988480,12128657408,2025-05-10,PHASE_I,True,5372452864,NATIVE_OPTIMIZE,15.746864499989897
5078052864,12129513472,2025-05-10,PHASE_I,True,5372452864,NATIVE_OPTIMIZE,16.254327700007707
5078052864,12128239616,2025-05-10,PHASE_I,True,5372452864,NATIVE_OPTIMIZE,16.76310390001163
5075988480,12133793792,2025-05-10,PHASE_I,True,5372452864,NATIVE_OPTIMIZE,17.268463399959728
5078056960,12112879616,2025-05-10,PHASE_I,True,5372452864,NATIVE_OPTIMIZE,17.77313889999641
5078085632,12111548416,2025-05-10,PHASE_I,True,5372452864,NATIVE_OPTIMIZE,18.2821677000029
5075988480,12116713472,2025-05-10,PHASE_I,True,5372452864,NATIVE_OPTIMIZE,18.787522699974943
5075996672,12119781376,2025-05-10,PHASE_I,True,5372452864,NATIVE_OPTIMIZE,19.29633179999655
5078007808,12112515072,2025-05-10,PHASE_I,True,5372452864,NATIVE_OPTIMIZE,19.80433469999116
5075996672,12115075072,2025-05-10,PHASE_I,True,5372452864,NATIVE_OPTIMIZE,20.312376799993217
5078003712,12114657280,2025-05-10,PHASE_I,True,5372452864,NATIVE_OPTIMIZE,20.81732189998729
5076004864,12118900736,2025-05-10,PHASE_I,True,5372452864,NATIVE_OPTIMIZE,21.324908999959007
5078077440,12114501632,2025-05-10,PHASE_I,True,5372452864,NATIVE_OPTIMIZE,21.832255099958275
5077041152,12117921792,2025-05-10,PHASE_I,True,5372452864,NATIVE_OPTIMIZE,22.33938349998789
5076004864,12117876736,2025-05-10,PHASE_I,True,5372452864,NATIVE_OPTIMIZE,22.847287099983077
5078048768,12116824064,2025-05-10,PHASE_I,True,5372452864,NATIVE_OPTIMIZE,23.353363499976695
5078114304,12113707008,2025-05-10,PHASE_I,True,5372452864,NATIVE_OPTIMIZE,23.860635499993805
5077053440,12120580096,2025-05-10,PHASE_I,True,5372452864,NATIVE_OPTIMIZE,24.368809500010684
5076004864,12113309696,2025-05-10,PHASE_I,True,5372452864,NATIVE_OPTIMIZE,24.87353839998832
5078097920,12085477376,2025-05-10,PHASE_I,True,5372452864,NATIVE_OPTIMIZE,25.38045219995547
5076017152,12093628416,2025-05-10,PHASE_I,True,5372452864,NATIVE_OPTIMIZE,25.886638099967968
5078052864,12099215360,2025-05-10,PHASE_I,True,5372452864,NATIVE_OPTIMIZE,26.394516800006386
5076017152,12098891776,2025-05-10,PHASE_I,True,5372452864,NATIVE_OPTIMIZE,26.89754949999042
5078097920,12125454336,2025-05-10,PHASE_I,True,5372452864,NATIVE_OPTIMIZE,27.403800899977796
5076017152,12125466624,2025-05-10,PHASE_I,True,5372452864,NATIVE_OPTIMIZE,27.907606899971142
5078106112,12130308096,2025-05-10,PHASE_I,True,5372452864,NATIVE_OPTIMIZE,28.41841539996676
5077032960,12127428608,2025-05-10,PHASE_I,True,5372452864,NATIVE_OPTIMIZE,28.924391700013075
5076017152,12131262464,2025-05-10,PHASE_I,True,5372452864,NATIVE_OPTIMIZE,29.42935910000233
5078077440,12125736960,2025-05-10,PHASE_I,True,5372452864,NATIVE_OPTIMIZE,29.936361900006887
5078052864,12132892672,2025-05-10,PHASE_I,True,5372452864,NATIVE_OPTIMIZE,30.4443137999624
5076017152,12133572608,2025-05-10,PHASE_I,True,5372452864,NATIVE_OPTIMIZE,30.951325299974997
5076017152,12134596608,2025-05-10,PHASE_I,True,5372452864,NATIVE_OPTIMIZE,31.457430899958126
5077131264,12132442112,2025-05-10,PHASE_I,True,5372452864,NATIVE_OPTIMIZE,31.963868299964815
5076017152,11974000640,2025-05-10,PHASE_I,True,5372452864,NATIVE_OPTIMIZE,32.47894589998759
5077934080,12000935936,2025-05-10,PHASE_I,True,5372452864,NATIVE_OPTIMIZE,32.993217599985655
5076017152,12072812544,2025-05-10,PHASE_I,True,5372452864,NATIVE_OPTIMIZE,33.499046200013254
5076017152,12067643392,2025-05-10,PHASE_I,True,5372452864,NATIVE_OPTIMIZE,34.00737720000325
5078110208,12081098752,2025-05-10,PHASE_I,True,5372452864,NATIVE_OPTIMIZE,34.51282329997048
5264138240,11894657024,2025-05-10,PHASE_I,True,5372452864,NATIVE_OPTIMIZE,35.02809310000157
5079605248,12090097664,2025-05-10,PHASE_I,True,5372452864,NATIVE_OPTIMIZE,35.5299679999589
5107617792,12065816576,2025-05-10,PHASE_I,True,5372452864,NATIVE_OPTIMIZE,36.03489489998901
5180121088,11994267648,2025-05-10,PHASE_I,True,5372452864,NATIVE_OPTIMIZE,36.539941299997736
5229817856,11954212864,2025-05-10,PHASE_I,True,5372452864,NATIVE_OPTIMIZE,37.04611940000905
5500547072,11681861632,2025-05-10,PHASE_I,True,5500547072,NATIVE_OPTIMIZE,37.54903940000804
4742193152,12437135360,2025-05-10,PHASE_I,True,5500547072,NATIVE_OPTIMIZE,38.05010329996003
4237824000,12956098560,2025-05-10,PHASE_I,True,5500547072,NATIVE_OPTIMIZE,38.56000850000419
4858576896,12336685056,2025-05-10,PHASE_I,True,5500547072,NATIVE_OPTIMIZE,39.0639128999901
4594622464,12599074816,2025-05-10,PHASE_I,True,5500547072,NATIVE_OPTIMIZE,39.57019359996775
5010821120,12169695232,2025-05-10,PHASE_I,True,5500547072,NATIVE_OPTIMIZE,40.0738409999758
5032353792,12147347456,2025-05-10,PHASE_I,True,5500547072,NATIVE_OPTIMIZE,40.58080950001022
5041434624,12154126336,2025-05-10,PHASE_I,True,5500547072,NATIVE_OPTIMIZE,41.088971099990886
5072875520,12127297536,2025-05-10,PHASE_I,True,5500547072,NATIVE_OPTIMIZE,41.59508800000185
5073281024,12077330432,2025-05-10,PHASE_I,True,5500547072,NATIVE_OPTIMIZE,42.09839070000453
5085270016,12087205888,2025-05-10,PHASE_I,True,5500547072,NATIVE_OPTIMIZE,42.60597219999181
5085523968,12095754240,2025-05-10,PHASE_I,True,5500547072,NATIVE_OPTIMIZE,43.10891429998446
5086044160,12088987648,2025-05-10,PHASE_I,True,5500547072,NATIVE_OPTIMIZE,43.61511959997006
5086527488,12090118144,2025-05-10,PHASE_I,True,5500547072,NATIVE_OPTIMIZE,44.12007760000415
5086674944,12079181824,2025-05-10,PHASE_I,True,5500547072,NATIVE_OPTIMIZE,44.622330599988345
5086855168,12072570880,2025-05-10,PHASE_I,True,5500547072,NATIVE_OPTIMIZE,45.13029699999606
5086973952,12079632384,2025-05-10,PHASE_I,True,5500547072,NATIVE_OPTIMIZE,45.635293299972545
5087281152,12074016768,2025-05-10,PHASE_I,True,5500547072,NATIVE_OPTIMIZE,46.146312800003216
5087383552,12084760576,2025-05-10,PHASE_I,True,5500547072,NATIVE_OPTIMIZE,46.654738100012764
5087596544,12079841280,2025-05-10,PHASE_I,True,5500547072,NATIVE_OPTIMIZE,47.16020819998812
5087952896,12082032640,2025-05-10,PHASE_I,True,5500547072,NATIVE_OPTIMIZE,47.66823199996725
5088063488,12079194112,2025-05-10,PHASE_I,True,5500547072,NATIVE_OPTIMIZE,48.17212489998201
5088206848,12074745856,2025-05-10,PHASE_I,True,5500547072,NATIVE_OPTIMIZE,48.67730029998347
5088309248,12076425216,2025-05-10,PHASE_I,True,5500547072,NATIVE_OPTIMIZE,49.18839480000315
4201521152,15401811968,2025-05-10,ORIGINAL_P1,True,4201521152,NATIVE_OPTIMIZE,0.013548799965064973
4615233536,15021486080,2025-05-10,ORIGINAL_P1,True,4615233536,NATIVE_OPTIMIZE,0.52377659996273
4220870656,15472173056,2025-05-10,ORIGINAL_P1,True,4615233536,NATIVE_OPTIMIZE,1.0265342999482527
4221865984,15493267456,2025-05-10,ORIGINAL_P1,True,4615233536,NATIVE_OPTIMIZE,1.5368310999474488
3358867456,15624867840,2025-05-10,LOCAL_PRICING,True,3358867456,NATIVE_OPTIMIZE,0.0016041999915614724
3358879744,15654510592,2025-05-10,LOCAL_PRICING,True,3358879744,NATIVE_OPTIMIZE,0.0012762999976985157
3358879744,15655075840,2025-05-10,LOCAL_PRICING,True,3358879744,NATIVE_OPTIMIZE,0.0013844000059179962
3358883840,15682015232,2025-05-10,LOCAL_PRICING,True,3358883840,NATIVE_OPTIMIZE,0.0012423000298440456
3358883840,15684055040,2025-05-10,LOCAL_PRICING,True,3358883840,NATIVE_OPTIMIZE,0.0012564000207930803
3358883840,15694540800,2025-05-10,LOCAL_PRICING,True,3358883840,NATIVE_OPTIMIZE,0.0013003000058233738
3358883840,15698759680,2025-05-10,LOCAL_PRICING,True,3358883840,NATIVE_OPTIMIZE,0.0013983999961055815
3358883840,15691866112,2025-05-10,LOCAL_PRICING,True,3358883840,NATIVE_OPTIMIZE,0.0012727999710477889
3358883840,15688609792,2025-05-10,LOCAL_PRICING,True,3358883840,NATIVE_OPTIMIZE,0.0013830999960191548
3358883840,15662616576,2025-05-10,LOCAL_PRICING,True,3358883840,NATIVE_OPTIMIZE,0.0012407999602146447
3358883840,15620214784,2025-05-10,LOCAL_PRICING,True,3358883840,NATIVE_OPTIMIZE,0.0017436000052839518
3358883840,15620431872,2025-05-10,LOCAL_PRICING,True,3358883840,NATIVE_OPTIMIZE,0.001850999949965626
3359014912,15633154048,2025-05-10,LOCAL_PRICING,True,3359014912,NATIVE_OPTIMIZE,0.0017776000313460827
3359342592,15636496384,2025-05-10,LOCAL_PRICING,True,3359342592,NATIVE_OPTIMIZE,0.00404480000725016
3359723520,15642472448,2025-05-10,LOCAL_PRICING,True,3359723520,NATIVE_OPTIMIZE,0.0022594999754801393
3360043008,15483826176,2025-05-10,LOCAL_PRICING,True,3360043008,NATIVE_OPTIMIZE,0.005180599982850254
3360452608,16320962560,2025-05-10,LOCAL_PRICING,True,3360452608,NATIVE_OPTIMIZE,0.001803399994969368
3360772096,16315801600,2025-05-10,LOCAL_PRICING,True,3360772096,NATIVE_OPTIMIZE,0.0018882000003941357
3361177600,16282558464,2025-05-10,LOCAL_PRICING,True,3361177600,NATIVE_OPTIMIZE,0.0012736999779008329
3361607680,16259010560,2025-05-10,LOCAL_PRICING,True,3361607680,NATIVE_OPTIMIZE,0.0018803999992087483
3361935360,16266604544,2025-05-10,LOCAL_PRICING,True,3361935360,NATIVE_OPTIMIZE,0.0012472000089474022
3362234368,16241090560,2025-05-10,LOCAL_PRICING,True,3362234368,NATIVE_OPTIMIZE,0.00193800003034994
3362541568,16198627328,2025-05-10,LOCAL_PRICING,True,3362541568,NATIVE_OPTIMIZE,0.0018986999639309943
3362955264,16168214528,2025-05-10,LOCAL_PRICING,True,3362955264,NATIVE_OPTIMIZE,0.001947399985510856
3363274752,16129126400,2025-05-10,LOCAL_PRICING,True,3363274752,NATIVE_OPTIMIZE,0.0019067999674007297
3363659776,16104595456,2025-05-10,LOCAL_PRICING,True,3363659776,NATIVE_OPTIMIZE,0.0012463000020943582
3363966976,16099176448,2025-05-10,LOCAL_PRICING,True,3363966976,NATIVE_OPTIMIZE,0.0017460000235587358
3364319232,16091045888,2025-05-10,LOCAL_PRICING,True,3364319232,NATIVE_OPTIMIZE,0.0019309999770484865
3380699136,16053911552,2025-05-10,LOCAL_PRICING,True,3380699136,NATIVE_OPTIMIZE,0.0018183999927714467
3382226944,16052219904,2025-05-10,LOCAL_PRICING,True,3382226944,NATIVE_OPTIMIZE,0.5077422999893315
3380269056,16049086464,2025-05-10,LOCAL_PRICING,True,3380269056,NATIVE_OPTIMIZE,0.0017398000345565379
3380269056,16049266688,2025-05-10,LOCAL_PRICING,True,3380269056,NATIVE_OPTIMIZE,0.001927300007082522
3380269056,16035807232,2025-05-10,LOCAL_PRICING,True,3380269056,NATIVE_OPTIMIZE,0.002161799988243729
3380269056,16047771648,2025-05-10,LOCAL_PRICING,True,3380269056,NATIVE_OPTIMIZE,0.0019338999991305172
3380269056,16061140992,2025-05-10,LOCAL_PRICING,True,3380269056,NATIVE_OPTIMIZE,0.0017254999838769436
3380269056,16061706240,2025-05-10,LOCAL_PRICING,True,3380269056,NATIVE_OPTIMIZE,0.0020653000101447105
3380273152,16061808640,2025-05-10,LOCAL_PRICING,True,3380273152,NATIVE_OPTIMIZE,0.0017816000035963953
3380273152,16060960768,2025-05-10,LOCAL_PRICING,True,3380273152,NATIVE_OPTIMIZE,0.0017722999909892678
3380273152,16062627840,2025-05-10,LOCAL_PRICING,True,3380273152,NATIVE_OPTIMIZE,0.0021788000012747943
3387957248,16345886720,2025-05-10,LOCAL_PRICING,True,3387957248,NATIVE_OPTIMIZE,0.0019472000421956182
3387617280,16319881216,2025-05-10,LOCAL_PRICING,True,3387617280,NATIVE_OPTIMIZE,0.0017088999738916755
3387617280,16390148096,2025-05-10,LOCAL_PRICING,True,3387617280,NATIVE_OPTIMIZE,0.0021247999975457788
3387617280,16386928640,2025-05-10,LOCAL_PRICING,True,3387617280,NATIVE_OPTIMIZE,0.00182379997568205
3387617280,16388710400,2025-05-10,LOCAL_PRICING,True,3387617280,NATIVE_OPTIMIZE,0.001804900006391108
3387617280,16389865472,2025-05-10,LOCAL_PRICING,True,3387617280,NATIVE_OPTIMIZE,0.0017730999970808625
3387617280,16434651136,2025-05-10,LOCAL_PRICING,True,3387617280,NATIVE_OPTIMIZE,0.0017727999947965145
3387625472,16416604160,2025-05-10,LOCAL_PRICING,True,3387625472,NATIVE_OPTIMIZE,0.003046400030143559
3387625472,16419586048,2025-05-10,LOCAL_PRICING,True,3387625472,NATIVE_OPTIMIZE,0.0021753000328317285
3387625472,16420024320,2025-05-10,LOCAL_PRICING,True,3387625472,NATIVE_OPTIMIZE,0.0019683000282384455
3387625472,16421052416,2025-05-10,LOCAL_PRICING,True,3387625472,NATIVE_OPTIMIZE,0.0017669000080786645
3387625472,16421990400,2025-05-10,LOCAL_PRICING,True,3387625472,NATIVE_OPTIMIZE,0.0012664999812841415
3387625472,16421851136,2025-05-10,LOCAL_PRICING,True,3387625472,NATIVE_OPTIMIZE,0.0020215000258758664
3387625472,16421363712,2025-05-10,LOCAL_PRICING,True,3387625472,NATIVE_OPTIMIZE,0.0012450999929569662
3387625472,16424235008,2025-05-10,LOCAL_PRICING,True,3387625472,NATIVE_OPTIMIZE,0.002331600000616163
3387625472,16427585536,2025-05-10,LOCAL_PRICING,True,3387625472,NATIVE_OPTIMIZE,0.0012461000005714595
3387625472,16523796480,2025-05-10,LOCAL_PRICING,True,3387625472,NATIVE_OPTIMIZE,0.0019290000200271606
3387625472,16529133568,2025-05-10,LOCAL_PRICING,True,3387625472,NATIVE_OPTIMIZE,0.001687200041487813
3387625472,16503783424,2025-05-10,LOCAL_PRICING,True,3387625472,NATIVE_OPTIMIZE,0.001923199975863099
3387625472,16495206400,2025-05-10,LOCAL_PRICING,True,3387625472,NATIVE_OPTIMIZE,0.0018152000266127288
3387625472,16444153856,2025-05-10,LOCAL_PRICING,True,3387625472,NATIVE_OPTIMIZE,0.0017757000168785453
3387625472,16481775616,2025-05-10,LOCAL_PRICING,True,3387625472,NATIVE_OPTIMIZE,0.0017514000064693391
3387625472,16500482048,2025-05-10,LOCAL_PRICING,True,3387625472,NATIVE_OPTIMIZE,0.0012241999502293766
3387625472,16518864896,2025-05-10,LOCAL_PRICING,True,3387625472,NATIVE_OPTIMIZE,0.0017663000035099685
3387625472,16515416064,2025-05-10,LOCAL_PRICING,True,3387625472,NATIVE_OPTIMIZE,0.0020106000010855496
3399286784,16495030272,2025-05-10,LOCAL_PRICING,True,3399286784,NATIVE_OPTIMIZE,0.0033004999859258533
3398365184,16544595968,2025-05-10,LOCAL_PRICING,True,3398365184,NATIVE_OPTIMIZE,0.0012280999799259007
3396333568,16584974336,2025-05-10,LOCAL_PRICING,True,3396333568,NATIVE_OPTIMIZE,0.0018099000444635749
3396333568,16586428416,2025-05-10,LOCAL_PRICING,True,3396333568,NATIVE_OPTIMIZE,0.0017239000299014151
3399876608,16610361344,2025-05-10,LOCAL_PRICING,True,3399876608,NATIVE_OPTIMIZE,0.0020320999901741743
3401629696,16620507136,2025-05-10,LOCAL_PRICING,True,3401629696,NATIVE_OPTIMIZE,0.5048703000065871
3400413184,16609288192,2025-05-10,LOCAL_PRICING,True,3400413184,NATIVE_OPTIMIZE,0.0017256999853998423
3400413184,16613392384,2025-05-10,LOCAL_PRICING,True,3400413184,NATIVE_OPTIMIZE,0.001743400003761053
3400413184,16574193664,2025-05-10,LOCAL_PRICING,True,3400413184,NATIVE_OPTIMIZE,0.0017683000187389553
3400413184,16513990656,2025-05-10,LOCAL_PRICING,True,3400413184,NATIVE_OPTIMIZE,0.0012580999755300581
3400413184,16555323392,2025-05-10,LOCAL_PRICING,True,3400413184,NATIVE_OPTIMIZE,0.0018553999834693968
3400413184,16524562432,2025-05-10,LOCAL_PRICING,True,3400413184,NATIVE_OPTIMIZE,0.002602200023829937
3400413184,16498278400,2025-05-10,LOCAL_PRICING,True,3400413184,NATIVE_OPTIMIZE,0.0022964999661780894
3400413184,16543772672,2025-05-10,LOCAL_PRICING,True,3400413184,NATIVE_OPTIMIZE,0.0018791999900713563
3400413184,16467771392,2025-05-10,LOCAL_PRICING,True,3400413184,NATIVE_OPTIMIZE,0.0012910999939776957
3400413184,16333672448,2025-05-10,LOCAL_PRICING,True,3400413184,NATIVE_OPTIMIZE,0.0018616000306792557
3400413184,15692873728,2025-05-10,LOCAL_PRICING,True,3400413184,NATIVE_OPTIMIZE,0.0018708999850787222
3400413184,15682437120,2025-05-10,LOCAL_PRICING,True,3400413184,NATIVE_OPTIMIZE,0.002051000017672777
3400413184,15564070912,2025-05-10,LOCAL_PRICING,True,3400413184,NATIVE_OPTIMIZE,0.0012336000218056142
3400413184,15411847168,2025-05-10,LOCAL_PRICING,True,3400413184,NATIVE_OPTIMIZE,0.0024748999858275056
3400413184,15242854400,2025-05-10,LOCAL_PRICING,True,3400413184,NATIVE_OPTIMIZE,0.0020488000009208918
3400421376,15148179456,2025-05-10,LOCAL_PRICING,True,3400421376,NATIVE_OPTIMIZE,0.0017725999932736158
3400421376,15041441792,2025-05-10,LOCAL_PRICING,True,3400421376,NATIVE_OPTIMIZE,0.001995099999476224
3400421376,14933028864,2025-05-10,LOCAL_PRICING,True,3400421376,NATIVE_OPTIMIZE,0.0021695999894291162
3400421376,15032016896,2025-05-10,LOCAL_PRICING,True,3400421376,NATIVE_OPTIMIZE,0.0022589999716728926
3400445952,14640033792,2025-05-10,LOCAL_PRICING,True,3400445952,NATIVE_OPTIMIZE,0.001988900010474026
3400445952,14544756736,2025-05-10,LOCAL_PRICING,True,3400445952,NATIVE_OPTIMIZE,0.0018446999602019787
3400445952,14546436096,2025-05-10,LOCAL_PRICING,True,3400445952,NATIVE_OPTIMIZE,0.0017934999777935445
3400445952,14518779904,2025-05-10,LOCAL_PRICING,True,3400445952,NATIVE_OPTIMIZE,0.0019239999819546938
3400445952,14204682240,2025-05-10,LOCAL_PRICING,True,3400445952,NATIVE_OPTIMIZE,0.0019262999994680285
3400445952,14312140800,2025-05-10,LOCAL_PRICING,True,3400445952,NATIVE_OPTIMIZE,0.002045300032477826
3400445952,13904003072,2025-05-10,LOCAL_PRICING,True,3400445952,NATIVE_OPTIMIZE,0.0018299000221304595
3400445952,13568942080,2025-05-10,LOCAL_PRICING,True,3400445952,NATIVE_OPTIMIZE,0.001948599994648248
3400445952,13576491008,2025-05-10,LOCAL_PRICING,True,3400445952,NATIVE_OPTIMIZE,0.00184009998338297
3400445952,13386133504,2025-05-10,LOCAL_PRICING,True,3400445952,NATIVE_OPTIMIZE,0.001830900029744953
3400445952,13256306688,2025-05-10,LOCAL_PRICING,True,3400445952,NATIVE_OPTIMIZE,0.004301899985875934
3400445952,13560307712,2025-05-10,LOCAL_PRICING,True,3400445952,NATIVE_OPTIMIZE,0.0018863000441342592
3400445952,13565935616,2025-05-10,LOCAL_PRICING,True,3400445952,NATIVE_OPTIMIZE,0.0018006000318564475
3400445952,13603610624,2025-05-10,LOCAL_PRICING,True,3400445952,NATIVE_OPTIMIZE,0.0021081999875605106
3400445952,13870419968,2025-05-10,LOCAL_PRICING,True,3400445952,NATIVE_OPTIMIZE,0.0021308999857865274
3400445952,14164283392,2025-05-10,LOCAL_PRICING,True,3400445952,NATIVE_OPTIMIZE,0.0020484999986365438
3400445952,13984546816,2025-05-10,LOCAL_PRICING,True,3400445952,NATIVE_OPTIMIZE,0.0018406000453978777
3400445952,13979262976,2025-05-10,LOCAL_PRICING,True,3400445952,NATIVE_OPTIMIZE,0.0049771000049076974
3400445952,13989249024,2025-05-10,LOCAL_PRICING,True,3400445952,NATIVE_OPTIMIZE,0.0034215999767184258
3400445952,13926486016,2025-05-10,LOCAL_PRICING,True,3400445952,NATIVE_OPTIMIZE,0.0019026999943889678
3401101312,13863571456,2025-05-10,LOCAL_PRICING,True,3401101312,NATIVE_OPTIMIZE,0.002962099970318377
3401297920,13670432768,2025-05-10,LOCAL_PRICING,True,3401297920,NATIVE_OPTIMIZE,0.0023740999749861658
3401695232,13768933376,2025-05-10,LOCAL_PRICING,True,3401695232,NATIVE_OPTIMIZE,0.0017900000093504786
3401895936,13707882496,2025-05-10,LOCAL_PRICING,True,3401895936,NATIVE_OPTIMIZE,0.0017874999903142452
3402416128,13662289920,2025-05-10,LOCAL_PRICING,True,3402416128,NATIVE_OPTIMIZE,0.0027680000057443976
3402678272,13616361472,2025-05-10,LOCAL_PRICING,True,3402678272,NATIVE_OPTIMIZE,0.004829599987715483
3402952704,13571297280,2025-05-10,LOCAL_PRICING,True,3402952704,NATIVE_OPTIMIZE,0.002121900033671409
3403345920,13219422208,2025-05-10,LOCAL_PRICING,True,3403345920,NATIVE_OPTIMIZE,0.00194980000378564
3403792384,13391376384,2025-05-10,LOCAL_PRICING,True,3403792384,NATIVE_OPTIMIZE,0.001914899970870465
3404132352,12716478464,2025-05-10,LOCAL_PRICING,True,3404132352,NATIVE_OPTIMIZE,0.0019810000085271895
3404406784,12540166144,2025-05-10,LOCAL_PRICING,True,3404406784,NATIVE_OPTIMIZE,0.002052400028333068
3404800000,12266401792,2025-05-10,LOCAL_PRICING,True,3404800000,NATIVE_OPTIMIZE,0.002290500036906451
3405180928,12159340544,2025-05-10,LOCAL_PRICING,True,3405180928,NATIVE_OPTIMIZE,0.0019961000070907176
3405512704,12143828992,2025-05-10,LOCAL_PRICING,True,3405512704,NATIVE_OPTIMIZE,0.0018911000224761665
3405914112,12135604224,2025-05-10,LOCAL_PRICING,True,3405914112,NATIVE_OPTIMIZE,0.00192910002078861
3406241792,12157255680,2025-05-10,LOCAL_PRICING,True,3406241792,NATIVE_OPTIMIZE,0.001847200037445873
3406569472,12150079488,2025-05-10,LOCAL_PRICING,True,3406569472,NATIVE_OPTIMIZE,0.0020531999762170017
3406897152,12119658496,2025-05-10,LOCAL_PRICING,True,3406897152,NATIVE_OPTIMIZE,0.0018404999864287674
3407278080,12112711680,2025-05-10,LOCAL_PRICING,True,3407278080,NATIVE_OPTIMIZE,0.0019662000122480094
3407675392,12628447232,2025-05-10,LOCAL_PRICING,True,3407675392,NATIVE_OPTIMIZE,0.0019468999817036092
3408003072,12127248384,2025-05-10,LOCAL_PRICING,True,3408003072,NATIVE_OPTIMIZE,0.0022915999870747328
3408003072,13242265600,2025-05-10,LOCAL_PRICING,True,3408003072,NATIVE_OPTIMIZE,0.0020526000298559666
3408011264,12663013376,2025-05-10,LOCAL_PRICING,True,3408011264,NATIVE_OPTIMIZE,0.0025311000063084066
3408875520,12494491648,2025-05-10,LOCAL_PRICING,True,3408875520,NATIVE_OPTIMIZE,0.001983800029847771
3409821696,12660101120,2025-05-10,LOCAL_PRICING,True,3409821696,NATIVE_OPTIMIZE,0.0018740000086836517
3409948672,12679741440,2025-05-10,LOCAL_PRICING,True,3409948672,NATIVE_OPTIMIZE,0.0018016000394709408
3410042880,12485173248,2025-05-10,LOCAL_PRICING,True,3410042880,NATIVE_OPTIMIZE,0.0018122000037692487
3410436096,12640821248,2025-05-10,LOCAL_PRICING,True,3410436096,NATIVE_OPTIMIZE,0.001838900032453239
3410698240,12639907840,2025-05-10,LOCAL_PRICING,True,3410698240,NATIVE_OPTIMIZE,0.002009499992709607
3414257664,12697108480,2025-05-10,LOCAL_PRICING,True,3414257664,NATIVE_OPTIMIZE,0.002047099987976253
3413344256,12685910016,2025-05-10,LOCAL_PRICING,True,3413344256,NATIVE_OPTIMIZE,0.0018464000313542783
3413606400,12683358208,2025-05-10,LOCAL_PRICING,True,3413606400,NATIVE_OPTIMIZE,0.0019115000031888485
3413999616,12612493312,2025-05-10,LOCAL_PRICING,True,3413999616,NATIVE_OPTIMIZE,0.0019292000215500593
3414085632,12221747200,2025-05-10,LOCAL_PRICING,True,3414085632,NATIVE_OPTIMIZE,0.0018997000297531486
3414085632,12642902016,2025-05-10,LOCAL_PRICING,True,3414085632,NATIVE_OPTIMIZE,0.0019094999879598618
3414102016,12683472896,2025-05-10,LOCAL_PRICING,True,3414102016,NATIVE_OPTIMIZE,0.0018399999826215208
3414114304,12699418624,2025-05-10,LOCAL_PRICING,True,3414114304,NATIVE_OPTIMIZE,0.0017902000108733773
3414441984,12699119616,2025-05-10,LOCAL_PRICING,True,3414441984,NATIVE_OPTIMIZE,0.0019261999987065792
3433644032,12687630336,2025-05-10,LOCAL_PRICING,True,3433644032,NATIVE_OPTIMIZE,0.0021667000255547464
3433005056,12691931136,2025-05-10,LOCAL_PRICING,True,3433005056,NATIVE_OPTIMIZE,0.0012764999992214143
3431956480,12679684096,2025-05-10,LOCAL_PRICING,True,3431956480,NATIVE_OPTIMIZE,0.0023835000465624034
3431956480,12678508544,2025-05-10,LOCAL_PRICING,True,3431956480,NATIVE_OPTIMIZE,0.002320599975064397
3431956480,12676165632,2025-05-10,LOCAL_PRICING,True,3431956480,NATIVE_OPTIMIZE,0.0017982999561354518
3431960576,12670562304,2025-05-10,LOCAL_PRICING,True,3431960576,NATIVE_OPTIMIZE,0.0018785000429488719
3431960576,12046200832,2025-05-10,LOCAL_PRICING,True,3431960576,NATIVE_OPTIMIZE,0.0024344000266864896
3431960576,12051292160,2025-05-10,LOCAL_PRICING,True,3431960576,NATIVE_OPTIMIZE,0.0021081999875605106
3433172992,12038144000,2025-05-10,LOCAL_PRICING,True,3433172992,NATIVE_OPTIMIZE,0.0022889000247232616
3431976960,12036722688,2025-05-10,LOCAL_PRICING,True,3431976960,NATIVE_OPTIMIZE,0.0019328999915160239
3431976960,12022231040,2025-05-10,LOCAL_PRICING,True,3431976960,NATIVE_OPTIMIZE,0.002378900011535734
3436822528,12020711424,2025-05-10,LOCAL_PRICING,True,3436822528,NATIVE_OPTIMIZE,0.002025199995841831
3437604864,12008796160,2025-05-10,LOCAL_PRICING,True,3437604864,NATIVE_OPTIMIZE,0.5099326999625191
3436232704,12025491456,2025-05-10,LOCAL_PRICING,True,3436232704,NATIVE_OPTIMIZE,0.00198830000590533
3436232704,13814083584,2025-05-10,LOCAL_PRICING,True,3436232704,NATIVE_OPTIMIZE,0.0018798999954015017
3439849472,13816905728,2025-05-10,LOCAL_PRICING,True,3439849472,NATIVE_OPTIMIZE,0.0021216999739408493
3441045504,13824696320,2025-05-10,LOCAL_PRICING,True,3441045504,NATIVE_OPTIMIZE,0.5065321999718435
3439370240,13812690944,2025-05-10,LOCAL_PRICING,True,3439370240,NATIVE_OPTIMIZE,0.0020449000294320285
3439370240,13676597248,2025-05-10,LOCAL_PRICING,True,3439370240,NATIVE_OPTIMIZE,0.0018429000047035515
3439370240,13572919296,2025-05-10,LOCAL_PRICING,True,3439370240,NATIVE_OPTIMIZE,0.0018103999900631607
3439370240,13442547712,2025-05-10,LOCAL_PRICING,True,3439370240,NATIVE_OPTIMIZE,0.0018877999973483384
3439370240,13380796416,2025-05-10,LOCAL_PRICING,True,3439370240,NATIVE_OPTIMIZE,0.0019323999877087772
3439370240,13329829888,2025-05-10,LOCAL_PRICING,True,3439370240,NATIVE_OPTIMIZE,0.0018336999928578734
3439370240,13237604352,2025-05-10,LOCAL_PRICING,True,3439370240,NATIVE_OPTIMIZE,0.001883000019006431
3439370240,13053214720,2025-05-10,LOCAL_PRICING,True,3439370240,NATIVE_OPTIMIZE,0.0017506000003777444
3439370240,12982169600,2025-05-10,LOCAL_PRICING,True,3439370240,NATIVE_OPTIMIZE,0.0018905000179074705
3439370240,12904632320,2025-05-10,LOCAL_PRICING,True,3439370240,NATIVE_OPTIMIZE,0.001866400009021163
3439370240,12779565056,2025-05-10,LOCAL_PRICING,True,3439370240,NATIVE_OPTIMIZE,0.001893599983304739
3439370240,12708818944,2025-05-10,LOCAL_PRICING,True,3439370240,NATIVE_OPTIMIZE,0.0019428000086918473
3439370240,12588466176,2025-05-10,LOCAL_PRICING,True,3439370240,NATIVE_OPTIMIZE,0.0028695999644696712
3448393728,12458778624,2025-05-10,LOCAL_PRICING,True,3448393728,NATIVE_OPTIMIZE,0.0020043000113219023
3447771136,12369231872,2025-05-10,LOCAL_PRICING,True,3447771136,NATIVE_OPTIMIZE,0.0020139000262133777
3445673984,12350005248,2025-05-10,LOCAL_PRICING,True,3445673984,NATIVE_OPTIMIZE,0.001886499987449497
3445653504,12351270912,2025-05-10,LOCAL_PRICING,True,3445653504,NATIVE_OPTIMIZE,0.0019410999957472086
3445653504,12330590208,2025-05-10,LOCAL_PRICING,True,3445653504,NATIVE_OPTIMIZE,0.0019127000123262405
3450388480,12308385792,2025-05-10,LOCAL_PRICING,True,3450388480,NATIVE_OPTIMIZE,0.0021471999934874475
3451527168,12286763008,2025-05-10,LOCAL_PRICING,True,3451527168,NATIVE_OPTIMIZE,0.5102923999656923
3449909248,12285636608,2025-05-10,LOCAL_PRICING,True,3449909248,NATIVE_OPTIMIZE,0.001741899992339313
3449909248,12276363264,2025-05-10,LOCAL_PRICING,True,3449909248,NATIVE_OPTIMIZE,0.001976100029423833
3449909248,12238684160,2025-05-10,LOCAL_PRICING,True,3449909248,NATIVE_OPTIMIZE,0.0019117000047117472
3449909248,12077326336,2025-05-10,LOCAL_PRICING,True,3449909248,NATIVE_OPTIMIZE,0.0036493000225163996
3449909248,12095549440,2025-05-10,LOCAL_PRICING,True,3449909248,NATIVE_OPTIMIZE,0.002318799961358309
3449909248,12109381632,2025-05-10,LOCAL_PRICING,True,3449909248,NATIVE_OPTIMIZE,0.0024411000194959342
3449909248,12105822208,2025-05-10,LOCAL_PRICING,True,3449909248,NATIVE_OPTIMIZE,0.0020800000056624413
3449909248,12116946944,2025-05-10,LOCAL_PRICING,True,3449909248,NATIVE_OPTIMIZE,0.0025163000100292265
3449909248,12110987264,2025-05-10,LOCAL_PRICING,True,3449909248,NATIVE_OPTIMIZE,0.00331880000885576
3449909248,12042133504,2025-05-10,LOCAL_PRICING,True,3449909248,NATIVE_OPTIMIZE,0.003156399994622916
3449909248,12100001792,2025-05-10,LOCAL_PRICING,True,3449909248,NATIVE_OPTIMIZE,0.001804300001822412
3449909248,12097830912,2025-05-10,LOCAL_PRICING,True,3449909248,NATIVE_OPTIMIZE,0.001942700007930398
3449909248,12105375744,2025-05-10,LOCAL_PRICING,True,3449909248,NATIVE_OPTIMIZE,0.0018251999863423407
3449909248,12094124032,2025-05-10,LOCAL_PRICING,True,3449909248,NATIVE_OPTIMIZE,0.0018524000188335776
3449909248,12090466304,2025-05-10,LOCAL_PRICING,True,3449909248,NATIVE_OPTIMIZE,0.0018452999647706747
3449909248,12126158848,2025-05-10,LOCAL_PRICING,True,3449909248,NATIVE_OPTIMIZE,0.0018065000185742974
3449909248,12133408768,2025-05-10,LOCAL_PRICING,True,3449909248,NATIVE_OPTIMIZE,0.0017990999622270465
3449909248,12134223872,2025-05-10,LOCAL_PRICING,True,3449909248,NATIVE_OPTIMIZE,0.0020458000362850726
3449909248,12126707712,2025-05-10,LOCAL_PRICING,True,3449909248,NATIVE_OPTIMIZE,0.001877599977888167
3449909248,12127137792,2025-05-10,LOCAL_PRICING,True,3449909248,NATIVE_OPTIMIZE,0.0018529999651946127
3449909248,12124033024,2025-05-10,LOCAL_PRICING,True,3449909248,NATIVE_OPTIMIZE,0.00196309998864308
3449909248,12123234304,2025-05-10,LOCAL_PRICING,True,3449909248,NATIVE_OPTIMIZE,0.0020694999839179218
3449909248,12127625216,2025-05-10,LOCAL_PRICING,True,3449909248,NATIVE_OPTIMIZE,0.0018127000075764954
3449909248,12129906688,2025-05-10,LOCAL_PRICING,True,3449909248,NATIVE_OPTIMIZE,0.0017445999546907842
3449909248,12124336128,2025-05-10,LOCAL_PRICING,True,3449909248,NATIVE_OPTIMIZE,0.0019294999656267464
3449909248,12136873984,2025-05-10,LOCAL_PRICING,True,3449909248,NATIVE_OPTIMIZE,0.0021448000334203243
3449909248,12130754560,2025-05-10,LOCAL_PRICING,True,3449909248,NATIVE_OPTIMIZE,0.0018841000273823738
3449909248,12025196544,2025-05-10,LOCAL_PRICING,True,3449909248,NATIVE_OPTIMIZE,0.0020588000188581645
3449909248,12029997056,2025-05-10,LOCAL_PRICING,True,3449909248,NATIVE_OPTIMIZE,0.007208600000012666
3449909248,12010323968,2025-05-10,LOCAL_PRICING,True,3449909248,NATIVE_OPTIMIZE,0.0020951000042259693
3449909248,12025057280,2025-05-10,LOCAL_PRICING,True,3449909248,NATIVE_OPTIMIZE,0.0024776000063866377
3449909248,12027432960,2025-05-10,LOCAL_PRICING,True,3449909248,NATIVE_OPTIMIZE,0.0018230999703519046
3449909248,12026793984,2025-05-10,LOCAL_PRICING,True,3449909248,NATIVE_OPTIMIZE,0.003104900009930134
3449909248,12028993536,2025-05-10,LOCAL_PRICING,True,3449909248,NATIVE_OPTIMIZE,0.0018363000126555562
3449909248,12028022784,2025-05-10,LOCAL_PRICING,True,3449909248,NATIVE_OPTIMIZE,0.002270099997986108
3449909248,12045733888,2025-05-10,LOCAL_PRICING,True,3449909248,NATIVE_OPTIMIZE,0.001812900009099394
3449909248,12058738688,2025-05-10,LOCAL_PRICING,True,3449909248,NATIVE_OPTIMIZE,0.00237950001610443
3449909248,12051214336,2025-05-10,LOCAL_PRICING,True,3449909248,NATIVE_OPTIMIZE,0.0018562999903224409
3449909248,12050145280,2025-05-10,LOCAL_PRICING,True,3449909248,NATIVE_OPTIMIZE,0.001888300001155585
3450142720,12061167616,2025-05-10,LOCAL_PRICING,True,3450142720,NATIVE_OPTIMIZE,0.001884099969174713
3450515456,12051161088,2025-05-10,LOCAL_PRICING,True,3450515456,NATIVE_OPTIMIZE,0.001824400038458407
3450904576,12051931136,2025-05-10,LOCAL_PRICING,True,3450904576,NATIVE_OPTIMIZE,0.002228100027423352
3451240448,12054458368,2025-05-10,LOCAL_PRICING,True,3451240448,NATIVE_OPTIMIZE,0.0018470999784767628
3451613184,12048326656,2025-05-10,LOCAL_PRICING,True,3451613184,NATIVE_OPTIMIZE,0.0017979000112973154
3451953152,12052459520,2025-05-10,LOCAL_PRICING,True,3451953152,NATIVE_OPTIMIZE,0.0018186999950557947
3452850176,12048896000,2025-05-10,LOCAL_PRICING,True,3452850176,NATIVE_OPTIMIZE,0.0018248999840579927
3453222912,12046057472,2025-05-10,LOCAL_PRICING,True,3453222912,NATIVE_OPTIMIZE,0.0019618000369518995
3453235200,12049330176,2025-05-10,LOCAL_PRICING,True,3453235200,NATIVE_OPTIMIZE,0.0017760000191628933
3453476864,12044828672,2025-05-10,LOCAL_PRICING,True,3453476864,NATIVE_OPTIMIZE,0.001907200028654188
3453779968,12056432640,2025-05-10,LOCAL_PRICING,True,3453779968,NATIVE_OPTIMIZE,0.0017471000319346786
3454164992,12054237184,2025-05-10,LOCAL_PRICING,True,3454164992,NATIVE_OPTIMIZE,0.002632999967318028
3454566400,12054011904,2025-05-10,LOCAL_PRICING,True,3454566400,NATIVE_OPTIMIZE,0.0019988000276498497
3454910464,12054085632,2025-05-10,LOCAL_PRICING,True,3454910464,NATIVE_OPTIMIZE,0.002152899978682399
3455483904,12060561408,2025-05-10,LOCAL_PRICING,True,3455483904,NATIVE_OPTIMIZE,0.0021525000338442624
3455885312,12058615808,2025-05-10,LOCAL_PRICING,True,3455885312,NATIVE_OPTIMIZE,0.0018210000125691295
3474378752,12040675328,2025-05-10,LOCAL_PRICING,True,3474378752,NATIVE_OPTIMIZE,0.001886799989733845
3473948672,12030873600,2025-05-10,LOCAL_PRICING,True,3473948672,NATIVE_OPTIMIZE,0.002057800011243671
3473948672,12032098304,2025-05-10,LOCAL_PRICING,True,3473948672,NATIVE_OPTIMIZE,0.001980000000912696
3473948672,12035813376,2025-05-10,LOCAL_PRICING,True,3473948672,NATIVE_OPTIMIZE,0.0018358000088483095
3473948672,12038930432,2025-05-10,LOCAL_PRICING,True,3473948672,NATIVE_OPTIMIZE,0.001805500010959804
3473948672,12036980736,2025-05-10,LOCAL_PRICING,True,3473948672,NATIVE_OPTIMIZE,0.001847800042014569
3473948672,12041584640,2025-05-10,LOCAL_PRICING,True,3473948672,NATIVE_OPTIMIZE,0.001950700010638684
3473948672,12028096512,2025-05-10,LOCAL_PRICING,True,3473948672,NATIVE_OPTIMIZE,0.0019903999636881053
3473948672,12028125184,2025-05-10,LOCAL_PRICING,True,3473948672,NATIVE_OPTIMIZE,0.001981800014618784
3473948672,12026851328,2025-05-10,LOCAL_PRICING,True,3473948672,NATIVE_OPTIMIZE,0.0017896000063046813
3473948672,12025065472,2025-05-10,LOCAL_PRICING,True,3473948672,NATIVE_OPTIMIZE,0.001892099971882999
3473948672,12028538880,2025-05-10,LOCAL_PRICING,True,3473948672,NATIVE_OPTIMIZE,0.0018999000312760472
3481767936,12026003456,2025-05-10,LOCAL_PRICING,True,3481767936,NATIVE_OPTIMIZE,0.002064300002530217
3483090944,12025159680,2025-05-10,LOCAL_PRICING,True,3483090944,NATIVE_OPTIMIZE,0.0018952999962493777
3482091520,12022501376,2025-05-10,LOCAL_PRICING,True,3482091520,NATIVE_OPTIMIZE,0.0027732999878935516
3482107904,12022607872,2025-05-10,LOCAL_PRICING,True,3482107904,NATIVE_OPTIMIZE,0.0017725999932736158
3482107904,12023549952,2025-05-10,LOCAL_PRICING,True,3482107904,NATIVE_OPTIMIZE,0.0018314000335521996
3482107904,12019912704,2025-05-10,LOCAL_PRICING,True,3482107904,NATIVE_OPTIMIZE,0.0017866999842226505
3482107904,12022009856,2025-05-10,LOCAL_PRICING,True,3482107904,NATIVE_OPTIMIZE,0.0019392999820411205
3482107904,12023701504,2025-05-10,LOCAL_PRICING,True,3482107904,NATIVE_OPTIMIZE,0.0030833000200800598
3482116096,12022112256,2025-05-10,LOCAL_PRICING,True,3482116096,NATIVE_OPTIMIZE,0.004830499994568527
3482120192,12031488000,2025-05-10,LOCAL_PRICING,True,3482120192,NATIVE_OPTIMIZE,0.0019114000024273992
3482120192,12027727872,2025-05-10,LOCAL_PRICING,True,3482120192,NATIVE_OPTIMIZE,0.001956599997356534
3482120192,12054315008,2025-05-10,LOCAL_PRICING,True,3482120192,NATIVE_OPTIMIZE,0.0018297000206075609
3482120192,12045668352,2025-05-10,LOCAL_PRICING,True,3482120192,NATIVE_OPTIMIZE,0.002317700011190027
3482124288,12048601088,2025-05-10,LOCAL_PRICING,True,3482124288,NATIVE_OPTIMIZE,0.0018794999923557043
3482124288,12013711360,2025-05-10,LOCAL_PRICING,True,3482124288,NATIVE_OPTIMIZE,0.003148699994198978
3482124288,12014944256,2025-05-10,LOCAL_PRICING,True,3482124288,NATIVE_OPTIMIZE,0.0018722000531852245
3482124288,12018049024,2025-05-10,LOCAL_PRICING,True,3482124288,NATIVE_OPTIMIZE,0.0019464999786578119
3482124288,12021374976,2025-05-10,LOCAL_PRICING,True,3482124288,NATIVE_OPTIMIZE,0.0020219000289216638
3482124288,12003303424,2025-05-10,LOCAL_PRICING,True,3482124288,NATIVE_OPTIMIZE,0.002699999953620136
3482124288,11999252480,2025-05-10,LOCAL_PRICING,True,3482124288,NATIVE_OPTIMIZE,0.0019696999806910753
3482140672,12005003264,2025-05-10,LOCAL_PRICING,True,3482140672,NATIVE_OPTIMIZE,0.0019692000350914896
3482140672,12024700928,2025-05-10,LOCAL_PRICING,True,3482140672,NATIVE_OPTIMIZE,0.0021012999932281673
3482140672,12021084160,2025-05-10,LOCAL_PRICING,True,3482140672,NATIVE_OPTIMIZE,0.0033767999848350883
3482140672,12024225792,2025-05-10,LOCAL_PRICING,True,3482140672,NATIVE_OPTIMIZE,0.001937400025781244
3482140672,11989794816,2025-05-10,LOCAL_PRICING,True,3482140672,NATIVE_OPTIMIZE,0.001959300017915666
3482140672,11971653632,2025-05-10,LOCAL_PRICING,True,3482140672,NATIVE_OPTIMIZE,0.0019918999751098454
3482140672,11951628288,2025-05-10,LOCAL_PRICING,True,3482140672,NATIVE_OPTIMIZE,0.0018182999920099974
3482140672,11983790080,2025-05-10,LOCAL_PRICING,True,3482140672,NATIVE_OPTIMIZE,0.0020917000365443528
3482140672,12000526336,2025-05-10,LOCAL_PRICING,True,3482140672,NATIVE_OPTIMIZE,0.0018178999889642
3482140672,11982655488,2025-05-10,LOCAL_PRICING,True,3482140672,NATIVE_OPTIMIZE,0.0017927999724633992
3482140672,11986751488,2025-05-10,LOCAL_PRICING,True,3482140672,NATIVE_OPTIMIZE,0.0023597999825142324
3482140672,11991969792,2025-05-10,LOCAL_PRICING,True,3482140672,NATIVE_OPTIMIZE,0.0020738999592140317
3482140672,11988709376,2025-05-10,LOCAL_PRICING,True,3482140672,NATIVE_OPTIMIZE,0.0018407999887131155
3482140672,11994193920,2025-05-10,LOCAL_PRICING,True,3482140672,NATIVE_OPTIMIZE,0.002550500037614256
3482140672,11989884928,2025-05-10,LOCAL_PRICING,True,3482140672,NATIVE_OPTIMIZE,0.0019174999906681478
3482120192,11996160000,2025-05-10,LOCAL_PRICING,True,3482120192,NATIVE_OPTIMIZE,0.002014900033827871
3482120192,11994886144,2025-05-10,LOCAL_PRICING,True,3482120192,NATIVE_OPTIMIZE,0.0019918999751098454
3482120192,11994140672,2025-05-10,LOCAL_PRICING,True,3482120192,NATIVE_OPTIMIZE,0.0022058000322431326
3482120192,11991330816,2025-05-10,LOCAL_PRICING,True,3482120192,NATIVE_OPTIMIZE,0.002381600032094866
3495792640,11985096704,2025-05-10,LOCAL_PRICING,True,3495792640,NATIVE_OPTIMIZE,0.002564900030847639
3503390720,11972571136,2025-05-10,LOCAL_PRICING,True,3503390720,NATIVE_OPTIMIZE,0.5117248000460677
3516059648,11967205376,2025-05-10,LOCAL_PRICING,True,3516059648,NATIVE_OPTIMIZE,0.001963399990927428
3517358080,11962839040,2025-05-10,LOCAL_PRICING,True,3517358080,NATIVE_OPTIMIZE,0.5088199999881908
3509841920,11964100608,2025-05-10,LOCAL_PRICING,True,3509841920,NATIVE_OPTIMIZE,0.001908699981868267
3510738944,11977199616,2025-05-10,LOCAL_PRICING,True,3510738944,NATIVE_OPTIMIZE,0.0020801000064238906
3511947264,11964678144,2025-05-10,LOCAL_PRICING,True,3511947264,NATIVE_OPTIMIZE,0.517976799979806
3511836672,11975028736,2025-05-10,LOCAL_PRICING,True,3511836672,NATIVE_OPTIMIZE,0.002191200037486851
3511836672,11977883648,2025-05-10,LOCAL_PRICING,True,3511836672,NATIVE_OPTIMIZE,0.0021874000085517764
3511836672,11984306176,2025-05-10,LOCAL_PRICING,True,3511836672,NATIVE_OPTIMIZE,0.0018914000247605145
3511836672,11974971392,2025-05-10,LOCAL_PRICING,True,3511836672,NATIVE_OPTIMIZE,0.0019128000130876899
3511836672,11971678208,2025-05-10,LOCAL_PRICING,True,3511836672,NATIVE_OPTIMIZE,0.0018995999707840383
3511836672,11967709184,2025-05-10,LOCAL_PRICING,True,3511836672,NATIVE_OPTIMIZE,0.0018577000009827316
3518259200,11973902336,2025-05-10,LOCAL_PRICING,True,3518259200,NATIVE_OPTIMIZE,0.002072500006761402
3518169088,11970514944,2025-05-10,LOCAL_PRICING,True,3518169088,NATIVE_OPTIMIZE,0.0018669000128284097
3517120512,11968524288,2025-05-10,LOCAL_PRICING,True,3517120512,NATIVE_OPTIMIZE,0.0017666000057943165
3517120512,11967807488,2025-05-10,LOCAL_PRICING,True,3517120512,NATIVE_OPTIMIZE,0.0017830999568104744
3517120512,11970301952,2025-05-10,LOCAL_PRICING,True,3517120512,NATIVE_OPTIMIZE,0.0020183000015094876
3517120512,11970203648,2025-05-10,LOCAL_PRICING,True,3517120512,NATIVE_OPTIMIZE,0.0019913000287488103
3517120512,11966496768,2025-05-10,LOCAL_PRICING,True,3517120512,NATIVE_OPTIMIZE,0.0018633999861776829
3517116416,11985096704,2025-05-10,LOCAL_PRICING,True,3517116416,NATIVE_OPTIMIZE,0.0020501999533735216
3517116416,11998191616,2025-05-10,LOCAL_PRICING,True,3517116416,NATIVE_OPTIMIZE,0.0019113000016659498
3517116416,11994701824,2025-05-10,LOCAL_PRICING,True,3517116416,NATIVE_OPTIMIZE,0.0018423000001348555
3517116416,11996573696,2025-05-10,LOCAL_PRICING,True,3517116416,NATIVE_OPTIMIZE,0.0018331999890506268
3517116416,11997396992,2025-05-10,LOCAL_PRICING,True,3517116416,NATIVE_OPTIMIZE,0.0022908999817445874
3517116416,11997974528,2025-05-10,LOCAL_PRICING,True,3517116416,NATIVE_OPTIMIZE,0.0018708999850787222
3517116416,11996229632,2025-05-10,LOCAL_PRICING,True,3517116416,NATIVE_OPTIMIZE,0.002030900039244443
3517116416,12003078144,2025-05-10,LOCAL_PRICING,True,3517116416,NATIVE_OPTIMIZE,0.001788599998690188
3517116416,11998367744,2025-05-10,LOCAL_PRICING,True,3517116416,NATIVE_OPTIMIZE,0.0029542000265792012
3517116416,11995574272,2025-05-10,LOCAL_PRICING,True,3517116416,NATIVE_OPTIMIZE,0.0018862999859265983
3517116416,11993985024,2025-05-10,LOCAL_PRICING,True,3517116416,NATIVE_OPTIMIZE,0.001884099969174713
3517112320,12009005056,2025-05-10,LOCAL_PRICING,True,3517112320,NATIVE_OPTIMIZE,0.0017991000204347074
3517112320,12010741760,2025-05-10,LOCAL_PRICING,True,3517112320,NATIVE_OPTIMIZE,0.0018313999753445387
3517112320,12004810752,2025-05-10,LOCAL_PRICING,True,3517112320,NATIVE_OPTIMIZE,0.0020499000092968345
3517112320,12008869888,2025-05-10,LOCAL_PRICING,True,3517112320,NATIVE_OPTIMIZE,0.0018456000252626836
3517112320,12002312192,2025-05-10,LOCAL_PRICING,True,3517112320,NATIVE_OPTIMIZE,0.003014699963387102
3517112320,11963305984,2025-05-10,LOCAL_PRICING,True,3517112320,NATIVE_OPTIMIZE,0.0018861000426113605
3517112320,11993976832,2025-05-10,LOCAL_PRICING,True,3517112320,NATIVE_OPTIMIZE,0.001837100018747151
3517112320,11997339648,2025-05-10,LOCAL_PRICING,True,3517112320,NATIVE_OPTIMIZE,0.0019286000169813633
3517112320,11994071040,2025-05-10,LOCAL_PRICING,True,3517112320,NATIVE_OPTIMIZE,0.0018357000080868602
3517112320,11991789568,2025-05-10,LOCAL_PRICING,True,3517112320,NATIVE_OPTIMIZE,0.0019032999989576638
3530076160,11989266432,2025-05-10,LOCAL_PRICING,True,3530076160,NATIVE_OPTIMIZE,0.0020893000182695687
3530100736,11979980800,2025-05-10,LOCAL_PRICING,True,3530100736,NATIVE_OPTIMIZE,0.0023013000027276576
3528003584,11958476800,2025-05-10,LOCAL_PRICING,True,3528003584,NATIVE_OPTIMIZE,0.002013100020121783
3527999488,12001128448,2025-05-10,LOCAL_PRICING,True,3527999488,NATIVE_OPTIMIZE,0.002338699996471405
3527999488,11995443200,2025-05-10,LOCAL_PRICING,True,3527999488,NATIVE_OPTIMIZE,0.0019287000177428126
3527999488,12000403456,2025-05-10,LOCAL_PRICING,True,3527999488,NATIVE_OPTIMIZE,0.0020047000143676996
3527999488,12001988608,2025-05-10,LOCAL_PRICING,True,3527999488,NATIVE_OPTIMIZE,0.0018296000198461115
3530555392,11996610560,2025-05-10,LOCAL_PRICING,True,3530555392,NATIVE_OPTIMIZE,0.0021143999765627086
3534213120,11991924736,2025-05-10,LOCAL_PRICING,True,3534213120,NATIVE_OPTIMIZE,0.5118626999901608
3532648448,11988115456,2025-05-10,LOCAL_PRICING,True,3532648448,NATIVE_OPTIMIZE,0.0019301000284031034
3532648448,12003876864,2025-05-10,LOCAL_PRICING,True,3532648448,NATIVE_OPTIMIZE,0.0019339999998919666
3532648448,11986292736,2025-05-10,LOCAL_PRICING,True,3532648448,NATIVE_OPTIMIZE,0.0019131999579258263
3532648448,11983200256,2025-05-10,LOCAL_PRICING,True,3532648448,NATIVE_OPTIMIZE,0.001983200025279075
3532648448,11984359424,2025-05-10,LOCAL_PRICING,True,3532648448,NATIVE_OPTIMIZE,0.001907800033222884
3532648448,11974754304,2025-05-10,LOCAL_PRICING,True,3532648448,NATIVE_OPTIMIZE,0.0020087999873794615
3532648448,11988365312,2025-05-10,LOCAL_PRICING,True,3532648448,NATIVE_OPTIMIZE,0.0018925999756902456
3532644352,11987361792,2025-05-10,LOCAL_PRICING,True,3532644352,NATIVE_OPTIMIZE,0.00178390002110973
3532644352,11991658496,2025-05-10,LOCAL_PRICING,True,3532644352,NATIVE_OPTIMIZE,0.0018268999992869794
3532644352,11992727552,2025-05-10,LOCAL_PRICING,True,3532644352,NATIVE_OPTIMIZE,0.0018839000258594751
3532644352,11989422080,2025-05-10,LOCAL_PRICING,True,3532644352,NATIVE_OPTIMIZE,0.004015800019260496
3532644352,11990728704,2025-05-10,LOCAL_PRICING,True,3532644352,NATIVE_OPTIMIZE,0.0018878999981097877
3532644352,11983826944,2025-05-10,LOCAL_PRICING,True,3532644352,NATIVE_OPTIMIZE,0.001940299989655614
3532644352,11983478784,2025-05-10,LOCAL_PRICING,True,3532644352,NATIVE_OPTIMIZE,0.0017917999648489058
3532644352,11980652544,2025-05-10,LOCAL_PRICING,True,3532644352,NATIVE_OPTIMIZE,0.0017942000413313508
3532644352,11952734208,2025-05-10,LOCAL_PRICING,True,3532644352,NATIVE_OPTIMIZE,0.0017471000319346786
3532644352,11955179520,2025-05-10,LOCAL_PRICING,True,3532644352,NATIVE_OPTIMIZE,0.0017918000230565667
3532644352,11960532992,2025-05-10,LOCAL_PRICING,True,3532644352,NATIVE_OPTIMIZE,0.0036854000063613057
3532640256,11970351104,2025-05-10,LOCAL_PRICING,True,3532640256,NATIVE_OPTIMIZE,0.0018521000165492296
3532640256,11963813888,2025-05-10,LOCAL_PRICING,True,3532640256,NATIVE_OPTIMIZE,0.001863999990746379
3532640256,11967258624,2025-05-10,LOCAL_PRICING,True,3532640256,NATIVE_OPTIMIZE,0.002909199974965304
3532640256,11967098880,2025-05-10,LOCAL_PRICING,True,3532640256,NATIVE_OPTIMIZE,0.0018717999919317663
3532640256,11940737024,2025-05-10,LOCAL_PRICING,True,3532640256,NATIVE_OPTIMIZE,0.0022402000031434
3532640256,11938336768,2025-05-10,LOCAL_PRICING,True,3532640256,NATIVE_OPTIMIZE,0.001770599978044629
3532640256,11946209280,2025-05-10,LOCAL_PRICING,True,3532640256,NATIVE_OPTIMIZE,0.001893899985589087
3532640256,11935027200,2025-05-10,LOCAL_PRICING,True,3532640256,NATIVE_OPTIMIZE,0.0018810000037774444
3532640256,11929616384,2025-05-10,LOCAL_PRICING,True,3532640256,NATIVE_OPTIMIZE,0.0018344999989494681
3532640256,11941711872,2025-05-10,LOCAL_PRICING,True,3532640256,NATIVE_OPTIMIZE,0.0020667000208050013
3532640256,11934355456,2025-05-10,LOCAL_PRICING,True,3532640256,NATIVE_OPTIMIZE,0.001923800038639456
3532636160,11935240192,2025-05-10,LOCAL_PRICING,True,3532636160,NATIVE_OPTIMIZE,0.0019061000202782452
3532636160,11933876224,2025-05-10,LOCAL_PRICING,True,3532636160,NATIVE_OPTIMIZE,0.0017852000310085714
3532636160,11939590144,2025-05-10,LOCAL_PRICING,True,3532636160,NATIVE_OPTIMIZE,0.0018375000217929482
3532636160,11941462016,2025-05-10,LOCAL_PRICING,True,3532636160,NATIVE_OPTIMIZE,0.0017939000390470028
3532804096,11938775040,2025-05-10,LOCAL_PRICING,True,3532804096,NATIVE_OPTIMIZE,0.001809899986255914
3533139968,11939401728,2025-05-10,LOCAL_PRICING,True,3533139968,NATIVE_OPTIMIZE,0.0018925999756902456
3533455360,11948699648,2025-05-10,LOCAL_PRICING,True,3533455360,NATIVE_OPTIMIZE,0.003966599993873388
3533832192,11941224448,2025-05-10,LOCAL_PRICING,True,3533832192,NATIVE_OPTIMIZE,0.0019425000064074993
3534221312,11944407040,2025-05-10,LOCAL_PRICING,True,3534221312,NATIVE_OPTIMIZE,0.0019007999799214303
3533815808,11942248448,2025-05-10,LOCAL_PRICING,True,3533815808,NATIVE_OPTIMIZE,0.001819700002670288
3534917632,11942363136,2025-05-10,LOCAL_PRICING,True,3534917632,NATIVE_OPTIMIZE,0.0020044000120833516
3535278080,11938979840,2025-05-10,LOCAL_PRICING,True,3535278080,NATIVE_OPTIMIZE,0.0024631000123918056
3535638528,11938226176,2025-05-10,LOCAL_PRICING,True,3535638528,NATIVE_OPTIMIZE,0.0018607000238262117
3535974400,11933425664,2025-05-10,LOCAL_PRICING,True,3535974400,NATIVE_OPTIMIZE,0.0018501000013202429
3536351232,11932205056,2025-05-10,LOCAL_PRICING,True,3536351232,NATIVE_OPTIMIZE,0.0028072999557480216
3536748544,11935711232,2025-05-10,LOCAL_PRICING,True,3536748544,NATIVE_OPTIMIZE,0.0019036000012420118
3537141760,11959787520,2025-05-10,LOCAL_PRICING,True,3537141760,NATIVE_OPTIMIZE,0.001929700025357306
3537735680,11961597952,2025-05-10,LOCAL_PRICING,True,3537735680,NATIVE_OPTIMIZE,0.00216159998672083
3537874944,11972952064,2025-05-10,LOCAL_PRICING,True,3537874944,NATIVE_OPTIMIZE,0.0020729000098071992
3538219008,11975905280,2025-05-10,LOCAL_PRICING,True,3538219008,NATIVE_OPTIMIZE,0.001884699973743409
3538219008,11969458176,2025-05-10,LOCAL_PRICING,True,3538219008,NATIVE_OPTIMIZE,0.0026669000508263707
3538575360,11969781760,2025-05-10,LOCAL_PRICING,True,3538575360,NATIVE_OPTIMIZE,0.001880900003015995
3539120128,11968552960,2025-05-10,LOCAL_PRICING,True,3539120128,NATIVE_OPTIMIZE,0.0051574999815784395
3539472384,11962052608,2025-05-10,LOCAL_PRICING,True,3539472384,NATIVE_OPTIMIZE,0.0019043000065721571
3539857408,11962535936,2025-05-10,LOCAL_PRICING,True,3539857408,NATIVE_OPTIMIZE,0.0019620999810285866
3540221952,11965747200,2025-05-10,LOCAL_PRICING,True,3540221952,NATIVE_OPTIMIZE,0.001840400043874979
3540533248,11965149184,2025-05-10,LOCAL_PRICING,True,3540533248,NATIVE_OPTIMIZE,0.0018501000013202429
3540918272,11972415488,2025-05-10,LOCAL_PRICING,True,3540918272,NATIVE_OPTIMIZE,0.0018697999767027795
3541291008,11966394368,2025-05-10,LOCAL_PRICING,True,3541291008,NATIVE_OPTIMIZE,0.0019419000018388033
3541082112,11968720896,2025-05-10,LOCAL_PRICING,True,3541082112,NATIVE_OPTIMIZE,0.0018218999612145126
3542016000,11963158528,2025-05-10,LOCAL_PRICING,True,3542016000,NATIVE_OPTIMIZE,0.0019610999734140933
3542413312,11965702144,2025-05-10,LOCAL_PRICING,True,3542413312,NATIVE_OPTIMIZE,0.002011600008700043
3542773760,11965452288,2025-05-10,LOCAL_PRICING,True,3542773760,NATIVE_OPTIMIZE,0.0018654000014066696
3543085056,11978633216,2025-05-10,LOCAL_PRICING,True,3543085056,NATIVE_OPTIMIZE,0.0019119000062346458
3543420928,11986083840,2025-05-10,LOCAL_PRICING,True,3543420928,NATIVE_OPTIMIZE,0.0018060000147670507
3543113728,11982274560,2025-05-10,LOCAL_PRICING,True,3543113728,NATIVE_OPTIMIZE,0.0068574000033549964
3544186880,11900301312,2025-05-10,LOCAL_PRICING,True,3544186880,NATIVE_OPTIMIZE,0.0032444000244140625
3544543232,11962167296,2025-05-10,LOCAL_PRICING,True,3544543232,NATIVE_OPTIMIZE,0.0032251999946311116
3544944640,11983290368,2025-05-10,LOCAL_PRICING,True,3544944640,NATIVE_OPTIMIZE,0.0018157000304199755
3545276416,11980275712,2025-05-10,LOCAL_PRICING,True,3545276416,NATIVE_OPTIMIZE,0.0019643999985419214
3545600000,11978366976,2025-05-10,LOCAL_PRICING,True,3545600000,NATIVE_OPTIMIZE,0.001887099992018193
3545993216,11973722112,2025-05-10,LOCAL_PRICING,True,3545993216,NATIVE_OPTIMIZE,0.0019043000065721571
3546345472,11963895808,2025-05-10,LOCAL_PRICING,True,3546345472,NATIVE_OPTIMIZE,0.0017565999878570437
3546689536,11968434176,2025-05-10,LOCAL_PRICING,True,3546689536,NATIVE_OPTIMIZE,0.0018611999694257975
3546124288,11968823296,2025-05-10,LOCAL_PRICING,True,3546124288,NATIVE_OPTIMIZE,0.0018839999684132636
3547377664,11973619712,2025-05-10,LOCAL_PRICING,True,3547377664,NATIVE_OPTIMIZE,0.001920800015795976
3547762688,11820949504,2025-05-10,LOCAL_PRICING,True,3547762688,NATIVE_OPTIMIZE,0.0019993999740108848
3547168768,11702063104,2025-05-10,LOCAL_PRICING,True,3547168768,NATIVE_OPTIMIZE,0.0024682999937795103
3548471296,11664601088,2025-05-10,LOCAL_PRICING,True,3548471296,NATIVE_OPTIMIZE,0.002245000039692968
3548864512,11495821312,2025-05-10,LOCAL_PRICING,True,3548864512,NATIVE_OPTIMIZE,0.003007400024216622
3548278784,11327946752,2025-05-10,LOCAL_PRICING,True,3548278784,NATIVE_OPTIMIZE,0.012281699979212135
3549564928,11283996672,2025-05-10,LOCAL_PRICING,True,3549564928,NATIVE_OPTIMIZE,0.0017843000241555274
3549913088,11264487424,2025-05-10,LOCAL_PRICING,True,3549913088,NATIVE_OPTIMIZE,0.0019074000301770866
3549327360,11288997888,2025-05-10,LOCAL_PRICING,True,3549327360,NATIVE_OPTIMIZE,0.0018229000270366669
3550658560,11283570688,2025-05-10,LOCAL_PRICING,True,3550658560,NATIVE_OPTIMIZE,0.0018088999786414206
3551059968,11286200320,2025-05-10,LOCAL_PRICING,True,3551059968,NATIVE_OPTIMIZE,0.0018539000302553177
3550515200,11288629248,2025-05-10,LOCAL_PRICING,True,3550515200,NATIVE_OPTIMIZE,0.0019191000028513372
3551825920,11288588288,2025-05-10,LOCAL_PRICING,True,3551825920,NATIVE_OPTIMIZE,0.0018354000058025122
3552165888,11287666688,2025-05-10,LOCAL_PRICING,True,3552165888,NATIVE_OPTIMIZE,0.002055999997537583
3551477760,11286515712,2025-05-10,LOCAL_PRICING,True,3551477760,NATIVE_OPTIMIZE,0.0018125000060535967
3552890880,11304620032,2025-05-10,LOCAL_PRICING,True,3552890880,NATIVE_OPTIMIZE,0.0018916999688372016
3553218560,11336142848,2025-05-10,LOCAL_PRICING,True,3553218560,NATIVE_OPTIMIZE,0.001986999996006489
3552567296,11350081536,2025-05-10,LOCAL_PRICING,True,3552567296,NATIVE_OPTIMIZE,0.0019381999736651778
3553935360,11352764416,2025-05-10,LOCAL_PRICING,True,3553935360,NATIVE_OPTIMIZE,0.00215119996573776
3554299904,11305254912,2025-05-10,LOCAL_PRICING,True,3554299904,NATIVE_OPTIMIZE,0.0018114999984391034
3553624064,11330838528,2025-05-10,LOCAL_PRICING,True,3553624064,NATIVE_OPTIMIZE,0.0019765999750234187
3569651712,11327315968,2025-05-10,LOCAL_PRICING,True,3569651712,NATIVE_OPTIMIZE,0.004362399980891496
3577720832,11324506112,2025-05-10,LOCAL_PRICING,True,3577720832,NATIVE_OPTIMIZE,0.5118857999914326
3589304320,11312590848,2025-05-10,LOCAL_PRICING,True,3589304320,NATIVE_OPTIMIZE,0.004162500030361116
3591249920,11272200192,2025-05-10,LOCAL_PRICING,True,3591249920,NATIVE_OPTIMIZE,0.5124762000050396
3586371584,11317170176,2025-05-10,LOCAL_PRICING,True,3586371584,NATIVE_OPTIMIZE,0.0018500000005587935
3586371584,11323260928,2025-05-10,LOCAL_PRICING,True,3586371584,NATIVE_OPTIMIZE,0.002257400017697364
3586371584,11342934016,2025-05-10,LOCAL_PRICING,True,3586371584,NATIVE_OPTIMIZE,0.0020203000167384744
3586371584,11353231360,2025-05-10,LOCAL_PRICING,True,3586371584,NATIVE_OPTIMIZE,0.0020352000137791038
3586371584,11337146368,2025-05-10,LOCAL_PRICING,True,3586371584,NATIVE_OPTIMIZE,0.0020864999969489872
3586371584,11333353472,2025-05-10,LOCAL_PRICING,True,3586371584,NATIVE_OPTIMIZE,0.002338699996471405
3586371584,11329806336,2025-05-10,LOCAL_PRICING,True,3586371584,NATIVE_OPTIMIZE,0.001857199997175485
3586367488,11333713920,2025-05-10,LOCAL_PRICING,True,3586367488,NATIVE_OPTIMIZE,0.0021233000443316996
